<?xml version="1.0"?>
<opencv_storage>
<camPath>
  "rtsp://admin:Hk123456@192.168.10.119/cam/realmonitor?channel=1&amp;subtype=0"
  rtsp://admin:Hk123456@192.168.10.124/video1
  rtsp://admin:Hk123456@192.168.10.125/video1
  "rtsp://admin:Hk123456@192.168.10.120/cam/realmonitor?channel=1&amp;subtype=0"
  "rtsp://admin:Hk123456@192.168.10.121/cam/realmonitor?channel=1&amp;subtype=0"
  rtsp://admin:Hk123456@192.168.10.122/sub/av_stream</camPath>
<pointList>
  385. 1003. 1576. 927. 851. 261. 225. 228. 315. 619. 1049. 64. 1191.
  250. 441. 805. 617. 322. 947. 247. 226. 581. 557. 846. 480. 200. 888.
  151. 133. 662. 357. 843. 1006. 130. 1029. 551. 163. 577. 162. 151.
  1617. 872. 225. 542. 363. 232. 1322. 172.</pointList>
<pointListTrans>
  159. 559. 399. 719. 400. 400. 240. 239. 639. 161. 319. 161. 319. 79.
  639. 79. 1518. 81. 1596. 10. 1440. 239. 1599. 239. 160. 159. 79. 79.
  319. 160. 319. 80. 641. 241. 799. 240. 799. 559. 640. 559. 1205. 329.
  1063. 513. 1011. 381. 1091. 159.</pointListTrans>
<transformList>
  <_ type_id="opencv-matrix">
    <rows>3</rows>
    <cols>3</cols>
    <dt>d</dt>
    <data>
      3.4811800044599905e-01 -8.8328536095922491e-02
      2.2147917581103266e+02 3.0374344177567092e-01
      7.8875486217573287e-01 3.0323158290581226e+01
      8.0016156108835197e-05 6.4594201848748990e-04 1.</data></_>
  <_ type_id="opencv-matrix">
    <rows>3</rows>
    <cols>3</cols>
    <dt>d</dt>
    <data>
      -2.6237537787693116e-01 2.2710019497175615e-01
      6.0640601142982553e+02 -2.1973014684589182e-01
      -3.0338574912399130e-01 4.2439352751798361e+02
      7.8340012959619799e-05 2.4179841223874237e-05 1.</data></_>
  <_ type_id="opencv-matrix">
    <rows>3</rows>
    <cols>3</cols>
    <dt>d</dt>
    <data>
      9.6772527253110763e-01 3.0934277194324267e-01
      1.2071490850177579e+03 -1.8477574359360699e-01
      3.5770801520410211e-01 1.0041316410677118e+02
      3.8729407969733494e-04 4.7263054374774294e-05 1.</data></_>
  <_ type_id="opencv-matrix">
    <rows>3</rows>
    <cols>3</cols>
    <dt>d</dt>
    <data>
      -1.7246125284209018e-01 1.9317279855178315e-01
      2.0190105826351459e+02 -2.1322260536820645e-01
      -1.6634956235566967e-01 2.9238501580373105e+02
      -5.7380050157304846e-06 -5.6409518910116151e-05 1.</data></_>
  <_ type_id="opencv-matrix">
    <rows>3</rows>
    <cols>3</cols>
    <dt>d</dt>
    <data>
      8.6379609209840669e-03 4.1979220788003102e-01
      5.8015299288995197e+02 -3.8003163639653270e-01
      3.1459768262287024e-02 6.2013032503474403e+02
      -3.3210987995757027e-06 5.4690578151654677e-05 1.</data></_>
  <_ type_id="opencv-matrix">
    <rows>3</rows>
    <cols>3</cols>
    <dt>d</dt>
    <data>
      3.5460615707775833e-01 7.5633582254346710e-01
      8.9867534135217829e+02 -2.0713311298331064e-01
      6.0691736408628927e-01 3.8769056120245546e+02
      2.2029600057195614e-04 4.7332871629141796e-04 1.</data></_></transformList>
</opencv_storage>
