<?xml version="1.0"?>
<opencv_storage>
<camPath>
  "rtsp://admin:Hk123456@192.168.10.119/cam/realmonitor?channel=1&amp;subtype=0"
  rtsp://admin:Hk123456@192.168.10.124/video1
  rtsp://admin:Hk123456@192.168.10.125/video1
  "rtsp://admin:Hk123456@192.168.10.120/cam/realmonitor?channel=1&amp;subtype=0"
  "rtsp://admin:Hk123456@192.168.10.121/cam/realmonitor?channel=1&amp;subtype=0"
  rtsp://admin:Hk123456@192.168.10.122/sub/av_stream</camPath>
<ignoreImgRoundList>
  0 0 0 0
  0 0 0 0
  0 0 0 0
  0 0 0 0
  0 0 0 0
  0 0 0 0 </ignoreImgRoundList>
<pointList>
  385. 1003. 1576. 927. 851. 261. 225. 228. 315. 619. 1049. 64. 1191.
  250. 441. 805. 617. 322. 947. 247. 226. 581. 557. 846. 480. 200. 888.
  151. 133. 662. 357. 843. 1006. 130. 1029. 551. 163. 577. 162. 151.
  440. 117. 163. 378. 1176. 909. 1570. 406.</pointList>
<transformList>
  <_ type_id="opencv-matrix">
    <rows>3</rows>
    <cols>3</cols>
    <dt>d</dt>
    <data>
      3.4673715020788581e-01 -7.8589566002852329e-02
      2.1901603263439773e+02 3.1097643350017984e-01
      8.5022698873096947e-01 1.0871912247123376e+02
      8.0907291118416852e-05 6.5629231451643053e-04 1.</data></_>
  <_ type_id="opencv-matrix">
    <rows>3</rows>
    <cols>3</cols>
    <dt>d</dt>
    <data>
      -2.6727754443229651e-01 2.2974287458429987e-01
      6.0120795471101246e+02 -2.0706038596008200e-01
      -2.8297897933367516e-01 4.8592146124762996e+02
      4.4549523391708293e-05 2.8465359511708685e-05 1.</data></_>
  <_ type_id="opencv-matrix">
    <rows>3</rows>
    <cols>3</cols>
    <dt>d</dt>
    <data>
      5.6282518962573125e-01 3.1428836583589970e-02
      1.1018070219368451e+03 -1.9852960263908667e-01
      2.7002953690489440e-01 1.2245090849978078e+02
      1.7885189815029312e-04 -1.1620377114549951e-04 1.</data></_>
  <_ type_id="opencv-matrix">
    <rows>3</rows>
    <cols>3</cols>
    <dt>d</dt>
    <data>
      -1.7021081509082842e-01 2.1529690995603057e-01
      1.9869525783767830e+02 -2.1487584281923408e-01
      -1.6765355350901251e-01 3.7725460086436561e+02
      1.5960342168197831e-05 -5.1775072009382396e-06 1.</data></_>
  <_ type_id="opencv-matrix">
    <rows>3</rows>
    <cols>3</cols>
    <dt>d</dt>
    <data>
      -1.2412674229256515e-02 4.1804380712190581e-01
      5.8080608091840725e+02 -3.8903430042558518e-01
      3.5826783513308952e-02 6.9853055517309713e+02
      -3.2481901813699674e-05 5.4714053691223537e-05 1.</data></_>
  <_ type_id="opencv-matrix">
    <rows>3</rows>
    <cols>3</cols>
    <dt>d</dt>
    <data>
      5.4696193920356873e-01 1.8299061522316209e+00
      4.6164380226029442e+02 -3.2494211490862390e-01
      1.2746348359112945e+00 3.6132338771895991e+02
      5.2310803177889722e-05 1.0714682658477634e-03 1.</data></_></transformList>
</opencv_storage>
