<?xml version="1.0"?>
<opencv_storage>
<camPath>
  "rtsp://admin:Hk123456@192.168.10.119/cam/realmonitor?channel=1&amp;subtype=0"
  rtsp://admin:Hk123456@192.168.10.124/video1
  rtsp://admin:Hk123456@192.168.10.125/video1
  "rtsp://admin:Hk123456@192.168.10.120/cam/realmonitor?channel=1&amp;subtype=0"
  "rtsp://admin:Hk123456@192.168.10.121/cam/realmonitor?channel=1&amp;subtype=0"
  rtsp://admin:Hk123456@192.168.10.122/sub/av_stream</camPath>
<pointList>
  385. 1003. 1576. 927. 851. 261. 225. 228. 315. 619. 1049. 64. 1191.
  250. 441. 805. 617. 322. 947. 247. 226. 581. 557. 846. 480. 200. 888.
  151. 133. 662. 357. 843. 1006. 130. 1029. 551. 163. 577. 162. 151.
  440. 117. 163. 378. 1176. 909. 1570. 406.</pointList>
<transformList>
  <_ type_id="opencv-matrix">
    <rows>3</rows>
    <cols>3</cols>
    <dt>d</dt>
    <data>
      3.4911467421041459e-01 -9.3395486507527242e-02
      2.2012837488681194e+02 3.1481373694282688e-01
      8.2071207734764029e-01 1.1227809867260513e+02
      9.1772584588337917e-05 6.1385038031640845e-04 1.</data></_>
  <_ type_id="opencv-matrix">
    <rows>3</rows>
    <cols>3</cols>
    <dt>d</dt>
    <data>
      -2.6564266964318323e-01 2.2937644964836257e-01
      6.0687311526285566e+02 -2.0733597349525007e-01
      -2.8930335154411774e-01 4.9318138638382874e+02
      6.6219845879209299e-05 3.2488755855378509e-05 1.</data></_>
  <_ type_id="opencv-matrix">
    <rows>3</rows>
    <cols>3</cols>
    <dt>d</dt>
    <data>
      6.5318916200487731e-01 1.1019548153777592e-01
      1.0829261592778796e+03 -1.9253049492479646e-01
      3.0090348509338360e-01 1.1040754969718560e+02
      2.3189770305369990e-04 -7.0612202661009781e-05 1.</data></_>
  <_ type_id="opencv-matrix">
    <rows>3</rows>
    <cols>3</cols>
    <dt>d</dt>
    <data>
      -1.7021081509082842e-01 2.1529690995603057e-01
      1.9869525783767830e+02 -2.1487584281923408e-01
      -1.6765355350901251e-01 3.7725460086436561e+02
      1.5960342168197831e-05 -5.1775072009382396e-06 1.</data></_>
  <_ type_id="opencv-matrix">
    <rows>3</rows>
    <cols>3</cols>
    <dt>d</dt>
    <data>
      2.9684023043328178e-03 4.3248655044035711e-01
      5.7990004670903363e+02 -3.8651832737522229e-01
      4.3275324420795874e-02 7.0176779204607556e+02
      -1.0433250863583175e-05 7.0034317553453436e-05 1.</data></_>
  <_ type_id="opencv-matrix">
    <rows>3</rows>
    <cols>3</cols>
    <dt>d</dt>
    <data>
      5.5072948550825718e-01 1.8325053002498488e+00
      4.5929582549244236e+02 -3.2667767758115207e-01
      1.2752659089504714e+00 3.6461790618246533e+02
      5.4166632323044642e-05 1.0726631344278458e-03 1.</data></_></transformList>
</opencv_storage>
